image_width: 1280
image_height: 720
camera_name: narrow_stereo/right
camera_matrix:
  rows: 3
  cols: 3
  data: [684.641097, 0.000000, 645.056102, 0.000000, 682.318170, 377.920833, 0.000000, 0.000000, 1.000000]
distortion_model: plumb_bob
distortion_coefficients:
  rows: 1
  cols: 5
  data: [-0.179943, 0.028991, -0.000391, 0.000304, 0.000000]
rectification_matrix:
  rows: 3
  cols: 3
  data: [0.999893, 0.000711, -0.014633, -0.000698, 0.999999, 0.000948, 0.014633, -0.000938, 0.999892]
projection_matrix:
  rows: 3
  cols: 4
  data: [660.403899, 0.000000, 659.305321, -104.303605, 0.000000, 660.403899, 371.730103, 0.000000, 0.000000, 0.000000, 1.000000, 0.000000]
